Function    Best Rate MB/s  Avg time     Min time     Max time
Copy:           30349.2     0.074184     0.070759     0.075299
Scale:          30227.5     0.074716     0.071044     0.079562
Add:            31458.2     0.103884     0.102397     0.108947
Triad:          31662.9     0.104534     0.101735     0.110347
